01131852
01161935

01181335
01182005
01191105
01191935
01201934
01212105
01220905
01222105
01230904
01232105
01240904
01242105
01250905
01252105
01260905
01262105
01270905
01272105
01280905
01282106
01290904
01292106
01300905
01302105
01310905
01312112
02010912
02012111
02020911
02022111
02030911
02032111
02040911
02042111
02050910
02052111
02060911
02062111
02070912
02072111
02080911
02082111
02090911
02092204
02100903
02102102
02110903
02112103
02120735
02122103
02130902
02132103
02140903
02142132
02150903
02152102
02160903
02162103
02170902
02172102
02180902
02182103
02190903
02192103
02200902
02202102
02210902
02212102
02220902
02222102
02230903
02232102
02240903
02242232
02250902
02252103
02260903
02262102